0
0
98.8
0.7
2.9
126.6
73.5
27.9
221.9
1.0
0
0.7
5.4
0.7
0
20
335.6
99.1
116.6
0
16.1
0.9
13.9
99.1
2.3
0.7
21.6
0.7
0
3.6
120.4
3.1
125.3
4.1
0.9
1.4
0
3.8
28.7
100.3
0
0
122.6
0
0.9
0
0
216.7
0
1.6
20
20
22.6
203.6
0
99.0
102.0
189.4
95.6
147.6
6.0
3.6
57.9
11.8
0
100.6
2.5
2.3
372.4
2.1
0
1.4
1.2
0
0
93.4
0
21.6
106.4
104.8
7.5
5.1
14.2
3.3
0
693.9
0
0
112.9
0
11.9
0
102.2
108.5
0
0
102.3
15.7
2.6
1.1
22.3
0
97.3
128.6
124.7
0
231.9
98.2
8.8
23.0
1.4
0.7
20.9
0
1.6
4.4
2.6
0
101.8
0
17.9
0
229.4
0
2.3
118.2
29.5
3.6
86.4
195.2
1.6
0.5
202.0
104.9
98.9
11.2
6.7
10.8
0
20
0
1.5
192.7
114.8
219.6
86.0
4.5
90.1
20.7
20
100.6
20
53.3
0
8.1
0
0
5.7
94.3
3.2
104.7
0
141.0
0
0
121.2
211.3
132.2
104.5
21.4
0
0.7
1.0
99.0
0
7.7
113.0
5.0
96.0
0
0
0
0
0
0
10.9
0
21.4
1.2
96.1
0
18.4
4.8
108.9
196.6
2.9
102.8
20.7
6.2
0
0
0
93.0
101.2
94.3
1.0
749.6
0
3.2
101.3
0
20.7
0
2.3
126.7
1.5
314.0
117.2
15.6
136.3
3.5
112.1
291.4
0
0
127.9
125.8
0
4.5
121.0
104.9
230.3
0
0
2.7
6.3
1.4
30.2
0
123.0
0
0
28.6
494.6
0
0.4
20
0
114.3
21.4
3.8
1.4
0
1.7
4.2
100.6
133.7
579.1
20
5.4
0.7
0
29.0
88.9
0
0
95.1
0
1.5
7.0
2.8
0
95.3
0
1.4
0
2.2
104.8
0
0
0
103.1
0
0
5.2
0
1.4
0
107.2
95.8
0
757.9
0.2
20
1.6
235.8
113.1
2.3
696.1
17.0
0
151.7
541.1
148.3
0
4.3
24.5
144.7
145.0
2.2
0
3173.2
166.6
116.7
4.0
300.9
0
3.9
97.7
301.7
1821.2
3.7
151.9
0
146.8
0
311.2
329.0
22.2
5.4
0
0
0
20.7
707.9
1.6
0
0
152.2
7.9
2.2
3.3
20
0.4
469.4
1.9
761.7
72.4
2.2
5.2
148.9
0
900.1
313.0
0
0
0
0
0
0
0
0
0
0
0
0
0
0
0
0
2.3
312.8
436.6
144.2
178.8
0
315.0
5.1
4.8
9.0
7.5
0
147.5
0
0
0.7
0
163.0
20.3
0
0.4
3.9
0
129.2
69.4
0
0.7
334.9
298.5
0
1.4
154.0
20
326.0
145.9
148.8
0
28.6
0
0
157.1
4.0
0
182.4
0
707.1
2.8
170.1
404.4
295.6
0
156.0
0
182.2
0
149.7
20
151.3
131.7
0
153.3
0
0
0.9
146.1
0
0
8.4
4.8
0
166.8
0
0
635.7
0
0
2.5
2.7
149.9
20
15.8
0
150.2
20.7
8.2
164.2
0
0
128.4
151.8
5.8
12.3
21.6
3.2
0
0
26.1
151.8
15.9
0
314.2
152.5
145.4
0
0
0
178.7
170.1
159.6
0
3.6
66.3
160.1
148.7
20
1.6
595.2
163.6
1037.5
0
132.7
8.1
0
0
3.7
0
0
0
0
0
0
0.4
0
0
117.5
7.4
78.8
155.3
0
0
162.0
0
315.4
0.7
140.1
5.9
0
294.4
0
0
85.5
0
0.4
0
0
0
151.9
0
174.0
157.8
4.2
0
53.7
6.9
150.8
102.4
137.0
0
9.0
20
178.3
123.6
0
0
0
465.1
586.5
